
181
191
249
130
246
148
192
252
114
145
236
75
155
124
186
137
231
216
111
218
66
227
43
32
69
15
225
150
230
137
121
82
73
143
127
252
0
119
136
46
224
222
42
66
85
79
4
34
77
224
97
48
246
75
80
48
50
206
145
143
177
102
14
150
154
180
40
113
105
51
142
39
153
45
198
238
56
134
134
111
238
201
212
125
86
229
124
254
140
45
65
255
246
219
191
24
13
185
7
146
223
138
63
115
230
208
151
223
118
176
219
87
16
230
10
65
239
190
136
193
244
120
62
138
208
71
116
40
192
56
221
51
237
9
9
2
125
206
38
187
112
222
167
218
146
161
246
249
197
211
